Miles: 0.0621371192
Feet: 328.08399
Inches: 3937
